 -2 2 -3 3 -3 3 -1 1 -2
 -8 1 -8 1 -2
 -17 1 -2
 1 -4 1 -5 1 -5 1 -2
 1 -4 1 -5 1 -8
 20
 -4 1 -5 1 -5 1 -3
 -4 1 -5 1 -5 1 -3
 -20
 -1 1 -5 1 -5 1 -6
 -1 1 -5 1 -5 1 -6
 20
 3 -5 3 -5 3 -1
 -1 1 -7 1 -7 1 -2
 -1 1 -3 1 -3 1 -3 1 -3 1 -2
 -5 1 -7 1 -6
 -4 3 -5 3 -5
 20
 -1 2 -5 3 -5 2 -2
 -1 17 -2
 -20
 -2 15 -3
 -4 3 -5 3 -5
 20
 -1 2 -3 2 -3 2 -3 2 -2
 -1 2 -3 2 -3 2 -3 2 -2
 -4 1 -9 1 -5
 -4 1 -7 3 -5
 -4 3 -5 3 -5
 20
 -1 4 -9 4 -2
 -1 3 -3 5 -3 3 -2
 -1 2 -3 7 -3 2 -2
 -1 1 -3 9 -3 1 -2
 -4 11 -5
 20
 -20
 -1 3 -2 1 -1 1 -2 1 -3 1 -4
 -2 1 -2 1 -1 1 -1 1 -2 1 -1 1 -5
 -2 1 -3 1 -1 1 -4 1 -6
 -1 3 -3 1 -5 1 -6
 20
