3 0 0 -1 0 1 0
4 0 0 -1 0 1 0 1 1
5 0 0 -2 0 -1 0 1 0 2 0
4 0 0 0 1 1 1 -1 1
4 0 0 1 0 0 1 1 1
5 0 0 -1 1 -1 0 1 0 1 1
5 0 1 0 2 1 1 -1 1 0 0
16 0 2 -1 0 0 0 1 0 2 0 -1 1 0 1 1 1 2 1 -1 2 1 2 2 2 -1 3 0 3 1 3 2 3
9 0 1 -2 0 -1 0 0 0 1 0 2 0 -1 1 1 1 0 2
9 0 2 -1 0 1 0 -1 1 0 1 1 1 -1 2 1 2 0 3
18 0 3 0 0 0 1 -1 2 0 2 1 2 -2 3 -1 3 1 3 2 3 -2 4 -1 4 0 4 1 4 2 4 -1 5 0 5 1 5
53 0 4 3 0 4 0 -2 1 -1 1 0 1 1 1 3 1 4 1 -3 2 -2 2 -1 2 0 2 1 2 2 2 -4 3 -3 3 -2 3 -1 3 2 3 3 3 -4 4 -3 4 -2 4 -1 4 2 4 3 4 -4 5 -3 5 -2 5 -1 5 0 5 1 5 2 5 3 5 -4 6 -3 6 -2 6 -1 6 0 6 1 6 2 6 3 6 -3 7 -2 7 -1 7 0 7 1 7 2 7 -2 8 -1 8 0 8 1 8
60 0 0 -9 0 -8 0 -4 0 4 0 6 0 9 0 -9 1 -7 1 -5 1 -3 1 -1 1 1 1 3 1 5 1 7 1 9 1 -9 2 -7 2 -5 2 -3 2 -1 2 1 2 3 2 5 2 7 2 9 2 -9 3 -8 3 -5 3 -3 3 -1 3 1 3 3 3 7 3 9 3 -9 4 -7 4 -5 4 -3 4 -1 4 1 4 3 4 7 4 9 4 -9 5 -7 5 -5 5 -3 5 -1 5 1 5 3 5 7 5 -9 6 -8 6 -4 6 0 6 3 6 7 6 9 6